44 45
63 64
136 137
179 180
210 211
381 382
426 427
456 462
605 618
697 698
1267 1268
1820 1821
1844 1845
1943 1944
2421 2422
2643 2644
2774 2775
2844 2845
2877 2878
2981 2982
3128 3129
3153 3154
3654 3655
3736 3737
3930 3931
3995 3996
4028 4029
4236 4241
4333 4334
4429 4430
4572 4573
4772 4773
4941 4959
4989 4990
5030 5031
5077 5078
5124 5125
5199 5200
5230 5237
5416 5425
5462 5463
5510 5511
5530 5547
5676 5681
5796 5797
5902 5903
6195 6196
6280 6281
6384 6385
6588 6589
6837 6838
7118 7119
7226 7227
7458 7459
7560 7561
7694 7695
7835 7836
7859 7860
8005 8006
8191 8192
8238 8239
8497 8526
8670 8671
8704 8705
8750 8751
8943 8944
9353 9354
9372 9373
9621 9622
9691 9692
9726 9727
9781 9782
9963 9964
9997 9998
10018 10019
10096 10097
10268 10269
10461 10462
10504 10505
10717 10718
10763 10764
10917 10918
11040 11052
11072 11073
11097 11147
11193 11194
11646 11647
11820 11821
11871 11899
11966 11967
12032 12033
12226 12227
12263 12264
12290 12291
12368 12369
12762 12763
12818 12833
12863 12864
12892 12899
12936 12937
12967 12984
13005 13006
13059 13060
13470 13487
13540 13541
13604 13605
13632 13633
13663 13664
13690 13696
13738 13739
13863 13864
13952 13953
13988 13989
14021 14022
14124 14125
14153 14182
14244 14251
14274 14275
14405 14406
14452 14453
14491 14492
14548 14549
14606 14607
14670 14671
14753 14754
14911 14912
15103 15104
15242 15255
15302 15343
15364 15365
15481 15482
15624 15625
15690 15691
15789 15801
15841 15842
15917 15918
16444 16445
16660 16661
16695 16696
16830 16831
17099 17100
17171 17172
17244 17245
17277 17278
17330 17342
17371 17383
17454 17455
17505 17506
17551 17552
17669 17670
18039 18051
18232 18233
18253 18254
18301 18302
18848 18849
18956 18962
19099 19100
19220 19278
19308 19309
19340 19351
19429 19439
19483 19484
20258 20259
20357 20358
20398 20399
20417 20434
20535 20536
20582 20583
20603 20604
20623 20624
20668 20669
20700 20701
20724 20763
20786 20787
20994 20995
21019 21020
21063 21094
21188 21189
21254 21255
21283 21292
21371 21379
21434 21435
21465 21466
21497 21498
21519 21537
21560 21561
21599 21600
21762 21763
21852 21853
21902 21914
21957 21958
22005 22143
22202 22203
22296 22297
22322 22323
22352 22361
22381 22382
22573 22574
22636 22637
22732 22733
22906 22907
22990 22991
23115 23116
23619 23620
23655 23672
23695 23696
23744 23745
23794 23795
23856 23882
24037 24038
24319 24320
24341 24342
24361 24378
24438 24514
24606 24607
24716 24719
24756 24762
24852 24853
24906 24907
24940 24941
24987 24988
25114 25119
25171 25179
25227 25228
25248 25263
25311 25312
25352 25353
25404 25405
25428 25429
25484 25493
25522 25523
25552 25553
25626 25775
25822 25823
25846 25847
26182 26183
26269 26270
26349 26350
26378 26379
26435 26436
26467 26484
26521 26539
26561 26562
27699 27700
27748 27749
28114 28115
28216 28217
28238 28239
28304 28305
28322 28339
28564 28565
28942 28943
28972 28986
29043 29044
29061 29062
29085 29086
29214 29215
29761 29762
29789 29790
30274 30275
30345 30346
30606 30607
30630 30631
30847 30860
30919 30920
30957 30958
30994 31059
31088 31097
31304 31305
31328 31329
31620 31621
32004 32005
32518 32519
32619 32620
32867 32868
33024 33025
33070 33071
33229 33230
33266 33267
33352 33353
33647 33648
33758 33759
33974 33975
34072 34083
34109 34127
34189 34190
34735 34736
34843 34844
34994 35004
35057 35058
35096 35097
35199 35200
35223 35224
35523 35524
35835 35836
35932 35933
36005 36006
36036 36049
36075 36076
36150 36164
36191 36202
36231 36232
36390 36391
36423 36424
36828 36829
36876 36906
36999 37007
37024 37025
37068 37069
37113 37114
37231 37248
37383 37437
37459 37460
37534 37543
37565 37566
37602 37609
38076 38077
38192 38209
38328 38329
38673 38674
38701 38702
38820 38856
38894 38904
39175 39176
39377 39378
39663 39932
40248 40249
40354 40355
40384 40385
40448 40449
40468 40484
40511 40512
40544 40573
40654 40655
40688 40689
40711 40712
40923 40924
41013 41014
41307 41308
41366 41383
41436 41437
41472 42766
42826 42827
42886 42887
43165 43166
43248 43249
43411 43412
43455 43465
43564 43565
43840 43857
44186 44187
44341 44342
44475 44476
44578 44579
44596 44597
44620 44621
44699 44700
44735 44736
44958 44959
44978 44979
45055 45061
45082 45083
45108 45109
45236 45245
45281 45290
45419 45420
45465 45466
45525 45526
45677 45678
45751 45752
45843 45856
45897 45898
46047 46048
46114 46115
46258 46259
46323 46324
46395 46396
46737 46755
46776 46777
46875 46876
47097 47098
47135 47136
47210 47224
47248 47249
47323 47324
47392 47393
47423 47424
47499 47500
47573 47586
47845 47851
47890 47908
47940 47941
48120 48121
48232 48233
48253 48254
48292 48293
48546 48547
48564 48565
48658 48664
48768 48769
48857 48858
48992 49019
49048 49073
49202 49218
49250 49251
49272 49273
49294 49295
49332 49333
49366 49367
49384 49385
49440 49441
49472 49473
49632 49633
49651 49668
49687 49688
49757 49758
49787 49796
49820 49821
50059 50060
50085 50086
50358 50359
50541 50557
50583 50596
50626 50627
50649 50650
50681 50682
50737 50746
50998 50999
51057 51058
51617 51618
51641 51642
52215 52317
52477 52478
52724 52725
52882 52883
52933 52934
53186 53196
53288 53289
53552 53553
53944 53945
53992 54001
54351 54352
54762 54770
54792 54793
54843 54844
54884 54885
54966 54967
54999 55000
55022 55023
55092 55093
55171 55172
55230 55231
55250 55251
55273 55283
55351 55352
55371 55372
55401 55416
55500 55501
55613 55614
55681 55682
55704 55705
55750 55751
55784 55785
55928 55929
55963 55964
56068 56069
56235 56236
56264 56265
56313 56314
56351 56355
56384 56385
56405 56418
56598 56599
56772 56773
56874 56883
57066 57067
57090 57091
57660 57661
57682 57683
58006 58007
58046 58047
58256 58257
58345 58346
58511 58512
58566 58567
59926 59927
60070 60071
60314 60315
60516 60517
60544 60545
60592 60593
60828 60829
60946 60947
61177 61178
61360 61361
61605 61606
61677 61688
61803 61804
62507 62510
62537 62538
62601 62602
62633 62634
62741 62742
62769 62782
63158 63159
63336 63337
63526 63529
63622 63631
63715 63716
63775 63785
63813 63814
63870 63871
64160 64161
64278 64279
64515 64516
64537 64538
64640 64641
64690 64691
64871 64872
65060 65061
65151 65152
65346 65347
65496 65497
65518 65535
65587 65595
65622 65623
65713 65714
65822 65823
65958 65959
66219 66220
66260 66282
66346 66347
66393 66394
66416 66417
66635 66636
66863 66864
66933 66934
67085 67086
67215 67216
67233 67234
67312 67313
67352 67353
67441 67442
67495 67496
67644 67645
67683 67718
67768 67769
67793 67794
67833 67834
68032 68039
68056 68057
68247 68254
68428 68429
68517 68518
68600 68601
68760 68761
68836 68837
68966 68967
69159 69160
69179 69180
69287 69288
69369 69370
69527 69528
69617 69618
69656 69657
69690 69691
69720 69729
69756 69757
69867 69868
70125 70143
70311 70312
70472 70473
70587 70591
70634 70644
70665 70666
70692 70693
70793 70803
70843 70885
71137 71152
71196 71197
71333 71334
71628 71629
71654 71655
71684 71685
71725 71726
72310 72311
72543 72544
72687 72688
72720 72721
72766 72767
72976 72977
73449 73450
73745 73746
74002 74003
74165 74166
74232 74233
74259 74260
74281 74282
74450 74451
74495 74496
74536 74537
74633 74634
74801 74802
74827 74828
74906 74911
75169 75170
75229 75230
75400 75401
75426 75430
75465 75538
75570 75571
75608 75609
75653 75673
75698 75699
75735 76661
76841 76842
76923 76924
76976 76977
77172 77173
77282 77283
77449 77450
77520 77521
77586 77587
77748 77749
77878 77879
77951 77952
78190 78191
78238 78239
78336 78337
78637 78638
78725 78726
78768 78769
79017 79018
79205 79206
79254 79255
79497 79498
80086 80087
80108 80115
80162 80163
80210 80211
80325 80326
80495 80496
80532 80533
80557 80558
80657 80658
81037 81038
81055 81056
82068 82069
82154 82155
82670 82671
82724 82725
82917 82918
82984 82985
83411 83412
83488 83489
83904 83905
83969 83970
